new.seqID	dG	dH	dS	Tm
BRCAT1-15;NA	998.9	Inf	Inf	NaN
HBA1-15;HBA1-15|4x|1x	998.3	Inf	Inf	NaN
HBA2-15;HBA2-15|1x|1.5x	1000	Inf	Inf	NaN
MIR-483-5P-hsa;hsa-miR-483-5p|1x|2x	998.2	Inf	Inf	NaN
MIR-483-5P;NA	998.2	Inf	Inf	NaN
PRCAT98-15;NA	998.4	Inf	Inf	NaN
MIR-684;NA	1.5	-7.9	-30.3	-12.5
MIR-765;NA	3	-7.5	-33.9	-51.6
MIR-698;NA	2.4	-8.4	-34.8	-31.9
MIR-576-5P;NA	1.9	-9.6	-37.1	-14.2
MIR-336;NA	1.8	-9.7	-37.1	-11.5
MIR-374B;hsa-miR-374b-5p|1x|1x	0.5	-11.7	-39.3	24.3
MIR-329;NA	1.7	-10.7	-40	-5.5
MIR-656;NA	1.5	-11.1	-40.6	0.1
HBB-15;HBB-15|1x|5x	0.4	-12.4	-41.3	27.3
MIR-574-5P;NA	0.1	-12.8	-41.6	34.6
CAT390-15;NA	2.2	-11	-42.6	-14.7
MIR-125A-5P;hsa-miR-125a-5p|1x|1x	0.4	-13	-43.2	27.7
MIR-875-3P-hsa;NA	-1.8	-15.6	-44.5	77.5
MIR-694;NA	0.2	-13.7	-44.8	32.5
MIR-569;NA	-1.5	-15.7	-45.8	69.8
MIR-335;hsa-miR-335-5p|3x|1x	0	-14.7	-47.4	37
MIR-467A-star;NA	2.2	-12.8	-48.4	-8.5
MIR-467B-star;NA	2.2	-12.8	-48.4	-8.5
PCA3-15;PCA3-15|1x|4x	1.1	-14.5	-50.3	15.1
LACAT6-15;NA	0.3	-15.3	-50.3	31
MIR-1-rno;NA	1.1	-14.8	-51.3	15.5
MIR-206;NA	1.1	-14.8	-51.3	15.5
MIR-202-5P;NA	1.4	-14.6	-51.6	9.9
BRCAT3-15;BRCAT3-15|1x|10x	-1.7	-18	-52.6	69.3
EBV-17-5P;NA	3.3	-13.3	-53.5	-24.7
LET-7B;hsa-let-7b-5p|1x|3x	1.4	-15.5	-54.5	11.3
PRCAT122-15;NA	0.2	-16.7	-54.5	33.3
MIR-620;NA	-0.5	-17.4	-54.5	46.2
MIR-365;hsa-miR-365a-3p|1x|5x	1	-16.1	-55.1	18.9
MIR-642;NA	0.5	-16.8	-55.8	28
MIR-483-3P-hsa;NA	1.5	-16.1	-56.7	10.6
MIR-483-3P;NA	1.5	-16.1	-56.7	10.6
MIR-100;hsa-miR-100-5p|1x|5x	0.5	-17.1	-56.7	28.2
EBV-12;NA	0.5	-17.2	-57.1	28.2
MIR-888;NA	-0.4	-18.1	-57.1	44
MIR-150;hsa-miR-150-5p|1x|3x	0.5	-17.4	-57.7	28.3
ACTB-15;ACTB-15|1x|1.5x	0.8	-17.2	-58	23.2
MIR-582-3P;NA	-0.7	-18.7	-58	49.1
MIR-429;NA	-2.9	-20.9	-58	87
KSHV-K12-11;NA	-0.1	-18.3	-58.7	38.7
MIR-586;NA	0	-18.5	-59.6	37
MIR-369-5P;hsa-miR-369-5p|1.5x|1x	-0.5	-19	-59.6	45.4
MIR-429-hsa;NA	-2.9	-21.4	-59.6	85.6
MIR-576-3P;hsa-miR-576-3p|1x|5x	-0.1	-18.7	-60	38.7
EBV-2-3P;NA	-1.5	-20.2	-60.3	61.9
MIR-197;hsa-miR-197-3p|5x|1x	1.9	-16.9	-60.6	5.7
MIR-720;NA	-2.1	-21.1	-61.3	71.3
MIR-196C;NA	0.3	-18.8	-61.6	32.1
PRCAT65-15;NA	0.2	-18.9	-61.6	33.8
MIR-211;NA	1.3	-18	-62.2	16.1
MIR-885-5P;hsa-miR-885-5p|1x|10x	1.3	-18.1	-62.6	16.2
MIR-463-star;NA	1	-18.4	-62.6	21
MIR-674-star;NA	0.7	-18.7	-62.6	25.8
MIR-595;NA	0.4	-19	-62.6	30.6
MIR-721;NA	0.9	-18.6	-62.9	22.7
EBV-9;NA	-2	-21.5	-62.9	68.8
MIR-664-3P;NA	1.7	-17.9	-63.2	10.1
MIR-466G;NA	0.5	-19.1	-63.2	29.1
HCMV-US33-3P;NA	-0.5	-20.1	-63.2	44.9
MIR-522;NA	0	-19.7	-63.5	37
MIR-211-hsa;hsa-miR-211-5p|1x|5x	1.3	-18.6	-64.2	16.7
DSCAM-AS1.1-45;NA	0.9	-19	-64.2	23
MIR-23B;hsa-miR-23b-3p|1x|3x	-1	-20.9	-64.2	52.6
BRCAT98-15;NA	0.2	-19.8	-64.5	33.9
MIR-380-3P-hsa;NA	-0.9	-20.9	-64.5	51
MIR-9-star;NA	0.4	-19.7	-64.8	30.8
MIR-688;NA	-2.1	-22.2	-64.8	69.4
MIR-125B;hsa-miR-125b-5p|2x|1x	-0.3	-20.5	-65.1	41.6
MIR-139-5P;NA	-0.7	-20.9	-65.1	47.7
MIR-711;NA	-0.5	-20.8	-65.5	44.6
MIR-450A-5P-rno;NA	-0.5	-20.9	-65.8	44.6
MIR-450A-5P;hsa-miR-450a-5p|1x|4x	-0.5	-20.9	-65.8	44.6
HCMV-UL148D;NA	1.8	-18.7	-66.1	9.8
KSHV-K12-10A;NA	-0.6	-21.1	-66.1	46.1
KSHV-K12-10B;NA	-0.6	-21.1	-66.1	46.1
MIR-590-3P-rno;NA	0.2	-20.4	-66.4	34
MIR-590-3P;NA	0.2	-20.4	-66.4	34
MIR-484;hsa-miR-484|1x|1.5x	-0.5	-21.4	-67.4	44.4
MIR-606;NA	-0.9	-21.8	-67.4	50.4
MGHV-M1-2;NA	-0.7	-21.8	-68	47.3
MIR-704;NA	-0.5	-21.7	-68.4	44.3
EBV-1-2;NA	-1.1	-22.3	-68.4	53.1
MIR-543-3P;hsa-miR-543|8x|1x	-1.3	-22.5	-68.4	56
MIR-204;NA	0.9	-20.4	-68.7	23.9
MIR-598-3P;NA	-0.2	-21.5	-68.7	39.9
MIR-450B-5P-hsa;hsa-miR-450b-5p|1x|1x	-0.7	-22	-68.7	47.2
MIR-450B-5P-mmu;NA	-0.7	-22	-68.7	47.2
EBV-3-5P;NA	-1	-22.3	-68.7	51.6
MIR-465-5P;NA	-0.7	-22.1	-69	47.1
GAPDH-15;NA	0	-21.5	-69.3	37
EBV-14-5P;NA	0.7	-20.9	-69.6	26.9
MIR-452;NA	-2.2	-23.8	-69.6	68.6
MIR-640;NA	-2.3	-23.9	-69.6	70
LET-7F;hsa-let-7f-5p|1x|8x	-0.2	-22.1	-70.6	39.8
MIR-676-star;NA	-1.2	-23.2	-70.9	53.9
MIR-654-5P-hsa;NA	-2.9	-24.9	-70.9	77.9
KSHV-K12-12;NA	-0.7	-22.8	-71.3	46.8
MIR-22-star;NA	-1.8	-23.9	-71.3	62.3
MIR-719;NA	-1	-23.2	-71.6	51
MIR-382;NA	-1.9	-24.1	-71.6	63.5
KSHV-K12-6-5P;NA	0.3	-22	-71.9	32.8
MIR-325-5P-hsa;NA	-1.1	-23.4	-71.9	52.3
MIR-465B-5P;NA	-1.4	-23.7	-71.9	56.5
MIR-465C-5P;NA	-1.4	-23.7	-71.9	56.5
MIR-506;NA	-1.7	-24	-71.9	60.6
MGHV-M1-7-3P;NA	1.7	-20.7	-72.2	13.5
MIR-215-hsa;hsa-miR-215-5p|1x|3x	0.7	-21.7	-72.2	27.3
MIR-215;NA	0.7	-21.7	-72.2	27.3
MIR-132;hsa-miR-132-3p|3x|1x	-0.2	-22.7	-72.5	39.8
MIR-741-3P-rno;NA	-0.6	-23.1	-72.5	45.3
MIR-450B-3P;NA	-2	-24.5	-72.5	64.6
MIR-669C;NA	0.2	-22.4	-72.9	34.3
MIR-224-mmu;NA	-0.3	-22.9	-72.9	41.1
MIR-224;hsa-miR-224-5p|1x|1.5x	-0.3	-22.9	-72.9	41.1
MIR-577;NA	-0.4	-23	-72.9	42.5
MIR-465ABC;NA	-0.7	-23.3	-72.9	46.6
MIR-488-star-mmu;NA	0	-22.7	-73.2	37
MIR-299-5P;hsa-miR-299-5p|5x|1x	-2.6	-25.3	-73.2	72.5
MIR-465D;NA	-0.5	-23.3	-73.5	43.8
MIR-687;NA	-1.7	-24.5	-73.5	60.1
MIR-454-star;NA	1.4	-21.5	-73.8	18
MIR-294-3P-mmu;NA	0.5	-22.4	-73.8	30.2
MGHV-M1-9;NA	0.3	-22.6	-73.8	32.9
MIR-340-5P;hsa-miR-340-5p|2x|1x	0.1	-22.8	-73.8	35.6
MIR-223;hsa-miR-223-3p|1x|1x	-0.1	-23	-73.8	38.4
HCMV-US5-2;NA	-0.9	-23.8	-73.8	49.2
MIR-667;NA	-0.5	-23.5	-74.2	43.7
MIR-485-5P;hsa-miR-485-5p|1x|2x	-0.6	-23.6	-74.2	45.1
MIR-802;NA	0.8	-22.3	-74.5	26.3
PRCAT47-15;NA	0.1	-23	-74.5	35.7
MIR-26B;hsa-miR-26b-5p|1x|5x	0	-23.1	-74.5	37
MIR-464;NA	-0.7	-23.8	-74.5	46.4
MIR-137;NA	-1.6	-24.7	-74.5	58.5
BRCAT2-30;NA	-2.3	-25.4	-74.5	67.9
MIR-488-star;NA	-2.5	-25.6	-74.5	70.6
MIR-384-5P-hsa;NA	1	-22.2	-74.8	23.6
MIR-571;NA	-0.2	-23.4	-74.8	39.7
RLCV-10;NA	-0.4	-23.6	-74.8	42.3
EBV-20-5P;NA	-1.2	-24.4	-74.8	53
MIR-743B-3P-rno;NA	0.6	-22.7	-75.1	29
MIR-15B;hsa-miR-15b-5p|1x|8x	0	-23.3	-75.1	37
MIR-196A;NA	-0.3	-23.6	-75.1	41
MIR-466B-5P-rno;NA	-0.3	-23.6	-75.1	41
LET-7D-star;hsa-let-7d-3p|1x|8x	0.9	-22.5	-75.4	25.1
MIR-471;NA	-1.1	-24.5	-75.4	51.6
MIR-409-3P;hsa-miR-409-3p|5x|1x	-0.5	-24	-75.8	43.6
MIR-624-star;NA	-0.5	-24	-75.8	43.6
EBV-18-5P;NA	-0.8	-24.3	-75.8	47.6
MIR-322-star;NA	-1.2	-24.8	-76.1	52.8
MIR-323-3P;hsa-miR-323a-3p|8x|1x	-0.3	-24	-76.4	40.9
MIR-23A;hsa-miR-23a-3p|1x|10x	-1.3	-25	-76.4	54
MIR-767-3P;NA	-1.3	-25	-76.4	54
MIR-302B-star-mmu;NA	-1.4	-25.1	-76.4	55.3
LACAT4-15;NA	-0.1	-23.9	-76.7	38.3
HSV1-H1;NA	-0.9	-24.7	-76.7	48.7
MIR-10A;hsa-miR-10a-5p|10x|1x	0.1	-23.8	-77.1	35.7
MIR-10B;hsa-miR-10b-5p|1x|2x	0.1	-23.8	-77.1	35.7
KSHV-K12-7;NA	-1.5	-25.5	-77.4	56.4
MIR-631;NA	-1.2	-25.3	-77.7	52.4
MIR-591;NA	-2.7	-26.8	-77.7	71.7
EBV-17-3P;NA	-0.5	-24.7	-78	43.4
BRCAT3-60;BRCAT3-60|1x|5x	-0.6	-24.8	-78	44.7
MIR-558;NA	0.2	-24.1	-78.3	34.4
MIR-486-5P;hsa-miR-486-5p|4x|1x	-0.1	-24.4	-78.3	38.3
HCMV-US4;NA	-0.5	-24.8	-78.3	43.4
MIR-766;hsa-miR-766-3p|1x|2x	-0.7	-25.1	-78.7	45.9
MIR-511;NA	-1.8	-26.2	-78.7	59.9
MIR-347;NA	-3.6	-28	-78.7	82.8
MIR-337-3P-hsa;NA	0.4	-24.1	-79	31.9
LET-7C;hsa-let-7c-5p|1x|5x	-0.1	-24.6	-79	38.3
MIR-495;hsa-miR-495-3p|1x|1x	-0.2	-24.7	-79	39.5
MIR-882;NA	-0.2	-24.7	-79	39.5
MIR-493-star;NA	-0.3	-24.8	-79	40.8
MIR-518E;NA	-2.2	-26.7	-79	64.9
MIR-889;NA	-1.1	-25.7	-79.3	50.9
MIR-411;hsa-miR-411-5p|2x|1x	-2.4	-27	-79.3	67.3
LET-7A;hsa-let-7a-5p|1x|1x	-0.1	-24.8	-79.6	38.3
MIR-411-star-rno;NA	-1.3	-26	-79.6	53.3
MIR-199B-5P-hsa;hsa-miR-199b-5p|3x|1x	-1.5	-26.2	-79.6	55.8
MIR-382-star;NA	-0.2	-25	-80	39.5
MIR-546;NA	-0.5	-25.3	-80	43.3
MIR-660;hsa-miR-660-5p|8x|1x	-1	-25.8	-80	49.5
HCMV-UL22A-star;NA	-1.5	-26.4	-80.3	55.7
MIR-696;NA	-1.9	-26.8	-80.3	60.7
MIR-599;NA	0	-25	-80.6	37
MIR-434-3P;NA	-1.2	-26.2	-80.6	51.9
MIR-548C-5P;NA	-2	-27	-80.6	61.8
RLCV-3;NA	-2.1	-27.1	-80.6	63.1
MIR-517A;NA	-0.8	-25.9	-80.9	46.9
MIR-151-3P-hsa;hsa-miR-151a-3p|1x|10x	-1.4	-26.5	-80.9	54.3
MIR-151-3P;NA	-1.4	-26.5	-80.9	54.3
MIR-579;NA	-3	-28.1	-80.9	74.1
MIR-519D;NA	-1.2	-26.4	-81.3	51.8
HCMV-UL112;NA	-0.9	-26.2	-81.6	48
CAT819-15;NA	-1	-26.3	-81.6	49.3
PRCAT23-90;PRCAT23-90|1x|1x	-1.3	-26.6	-81.6	52.9
MIR-654-5P-mmu;NA	-2.4	-27.7	-81.6	66.4
MIR-654-5P-rno;NA	-2.4	-27.7	-81.6	66.4
MIR-453-hsa;NA	-3.1	-28.4	-81.6	75
MIR-549;NA	-0.8	-26.2	-81.9	46.8
MIR-433-3P;hsa-miR-433-3p|1x|3x	-1.4	-26.8	-81.9	54.1
MIR-715;NA	-2.3	-27.7	-81.9	65.1
KSHV-K12-5;NA	-3.6	-29	-81.9	81
MIR-7-star;NA	1.1	-24.5	-82.5	23.7
MIR-693-5P;NA	0.4	-25.2	-82.5	32.2
MIR-742-star;NA	-1.3	-26.9	-82.5	52.7
MIR-216B;NA	-2.1	-27.7	-82.5	62.4
MIR-605;NA	0.3	-25.4	-82.9	33.4
MIR-30A-star;NA	-0.8	-26.5	-82.9	46.7
MIR-30E-star;hsa-miR-30e-3p|1x|1.5x	-0.8	-26.5	-82.9	46.7
LACAT4-30;NA	-1.2	-26.9	-82.9	51.5
MIR-339-3P-rno;NA	-1.9	-27.6	-82.9	59.9
MIR-202-3P-mmu;NA	-0.8	-26.6	-83.2	46.6
MIR-202-3P-rno;NA	-0.8	-26.6	-83.2	46.6
MIR-18A-star;NA	-1.6	-27.4	-83.2	56.2
MIR-520H;NA	-1.7	-27.5	-83.2	57.4
MIR-690;NA	-1.9	-27.7	-83.2	59.8
MIR-220A;NA	-1.5	-27.4	-83.5	55
HCMV-US25-1;NA	-3	-28.9	-83.5	72.9
MIR-183;hsa-miR-183-5p|1x|2x	-0.7	-26.7	-83.8	45.4
MIR-626;NA	-0.8	-26.8	-83.8	46.5
MIR-128;hsa-mir-128-1-3p|1x|1x	-0.9	-26.9	-83.8	47.7
MIR-691;NA	-1.8	-27.8	-83.8	58.5
MIR-487A;NA	-2.1	-28.1	-83.8	62.1
MIR-487B;NA	-2.1	-28.1	-83.8	62.1
MIR-499-5P;hsa-miR-499a-5p|1x|1x	-3.4	-29.4	-83.8	77.6
"2OM-ath-MIR156a,ath-MIR156a;ath-MIR156a|1.5x|1x"	0.5	-25.6	-84.2	31.1
MIR-505;NA	-0.4	-26.5	-84.2	41.8
MIR-519B-3P;NA	-2.3	-28.4	-84.2	64.3
MIR-702;NA	0	-26.2	-84.5	37
MIR-805;NA	-0.4	-26.6	-84.5	41.7
MIR-375;NA	-0.9	-27.1	-84.5	47.7
MIR-695;NA	-2.9	-29.1	-84.5	71.3
MIR-516A-3P;NA	-3.8	-30	-84.5	82
MIR-520C-3P;NA	-3.8	-30	-84.5	82
MIR-520E;NA	-3.8	-30	-84.5	82
LET-7E;hsa-let-7e-5p|4x|1x	0.6	-25.7	-84.8	29.9
MIR-494;NA	-3.8	-30.1	-84.8	81.8
BRCAT54-15;NA	-0.5	-26.9	-85.1	42.9
MIR-872;NA	-0.7	-27.1	-85.1	45.2
MIR-532-5P;hsa-miR-532-5p|3x|1x	-1.4	-27.8	-85.1	53.4
MIR-98;hsa-miR-98-5p|1x|2x	-1.5	-27.9	-85.1	54.6
MIR-99B;hsa-miR-99b-5p|1x|5x	-1.6	-28	-85.1	55.8
MIR-152;hsa-miR-152-3p|1x|2x	-1.7	-28.1	-85.1	57
MIR-532-3P;hsa-miR-532-3p|3x|1x	-0.4	-26.9	-85.4	41.7
PRCAT104-15;PRCAT104-15|1x|2x	-0.8	-27.3	-85.4	46.4
EBV-19-3P;NA	-1	-27.5	-85.4	48.7
EBV-2-5P;NA	-1.3	-27.8	-85.4	52.2
MIR-668;NA	-3.3	-29.8	-85.4	75.6
MIR-350-hsa;NA	0.1	-26.5	-85.8	35.8
MIR-350;NA	0.1	-26.5	-85.8	35.8
MIR-425;hsa-miR-425-5p|1.5x|1x	-1.2	-27.8	-85.8	51
MIR-192;hsa-miR-192-5p|1x|10x	0.6	-26.1	-86.1	30
LSCAT212-15;LSCAT212-15|1x|8x	-1.9	-28.6	-86.1	59.1
MIR-184;hsa-miR-184|1x|1.5x	-1.3	-28.1	-86.4	52
MIR-891B;NA	-1.8	-28.6	-86.4	57.8
MIR-517C;NA	-1.9	-28.7	-86.4	59
MIR-519A;NA	-1.9	-28.7	-86.4	59
MIR-20A-star;NA	-2.2	-29	-86.4	62.5
MIR-508-3P;NA	-0.5	-27.4	-86.7	42.8
EBV-7;NA	-0.8	-27.7	-86.7	46.2
MIR-202-3P;NA	-1.4	-28.3	-86.7	53.1
MIR-607;NA	0.5	-26.5	-87.1	31.3
KSHV-K12-2;NA	-1.3	-28.3	-87.1	51.9
MIR-466ABCE-3P;NA	2.1	-25	-87.4	13
MIR-343-mmu;NA	1.1	-26	-87.4	24.4
MIR-343-rno;NA	1.1	-26	-87.4	24.4
MIR-604;NA	-0.5	-27.6	-87.4	42.7
MIR-683;NA	-2.2	-29.3	-87.4	62.2
MIR-890;NA	-2.2	-29.3	-87.4	62.2
MIR-193B-mmu;NA	-1.1	-28.3	-87.7	49.5
MIR-193B;hsa-miR-193b-3p|10x|1x	-1.1	-28.3	-87.7	49.5
MIR-491-3P;NA	-1.1	-28.3	-87.7	49.5
MIR-203;NA	-1.7	-28.9	-87.7	56.4
MIR-511-hsa;NA	-2.4	-29.6	-87.7	64.4
MIR-633;NA	0.2	-27.1	-88	34.7
MIR-212;NA	-0.8	-28.1	-88	46.1
MIR-327-mmu;NA	-0.8	-28.1	-88	46.1
MIR-151-5P;hsa-miR-151a-5p|1x|1.5x	-1.9	-29.2	-88	58.6
MIR-27A;hsa-miR-27a-3p|1x|3x	-1.9	-29.2	-88	58.6
MIR-518A-3P;NA	-2.9	-30.2	-88	69.9
MIR-302A-star;NA	-0.5	-27.9	-88.3	42.7
MIR-877;NA	-0.5	-27.9	-88.3	42.7
MIR-199A-3P;hsa-miR-199b-3p|1x|2x	-1	-28.4	-88.3	48.3
DSCAM-AS1.1-15;NA	-2	-29.4	-88.3	59.6
MIR-7;hsa-miR-7-5p|1x|5x	-0.5	-28	-88.7	42.6
MIR-7B;NA	-0.5	-28	-88.7	42.6
MIR-92A;hsa-miR-92a-3p|5x|1x	-1	-28.6	-89	48.2
MIR-92B;hsa-miR-92b-3p|1x|5x	-1	-28.6	-89	48.2
MIR-575;NA	-1.4	-29	-89	52.7
MIR-520G;NA	-2.2	-29.8	-89	61.7
MIR-379;NA	-2.7	-30.3	-89	67.3
MIR-881-mmu;NA	-1.5	-29.2	-89.3	53.8
MIR-712;NA	-2.7	-30.4	-89.3	67.2
MIR-649;NA	0.1	-27.7	-89.6	35.9
MIR-705;NA	-0.1	-27.9	-89.6	38.1
SCHLAP1-30;NA	-0.5	-28.3	-89.6	42.6
MIR-363-star;NA	-1.5	-29.3	-89.6	53.7
EBV-1-5P;NA	-1.8	-29.6	-89.6	57.1
MIR-20B-star;NA	-3.1	-30.9	-89.6	71.6
MIR-467E;NA	-3.1	-30.9	-89.6	71.6
EBV-19-5P;NA	0.5	-27.4	-90	31.4
MIR-559;NA	-0.7	-28.6	-90	44.8
MIR-302D;NA	-1.9	-29.8	-90	58.1
MIR-302B;hsa-miR-302b-3p|1x|2x	-0.8	-28.8	-90.3	45.9
RLCV-13;NA	-1.1	-29.1	-90.3	49.2
MIR-191;hsa-miR-191-5p|1x|8x	-1.3	-29.3	-90.3	51.4
MIR-411-star;NA	-2.1	-30.1	-90.3	60.3
MIR-509-5P-rno;NA	-2.3	-30.3	-90.3	62.5
MIR-743B-3P-mmu;NA	-1.1	-29.2	-90.6	49.1
MIR-126-3P;hsa-miR-126-3p|2x|1x	-0.8	-29	-90.9	45.8
MIR-218;hsa-miR-218-5p|4x|1x	-1	-29.2	-90.9	48
MIR-492;NA	-1.9	-30.1	-90.9	57.9
MIR-516B;NA	-1.9	-30.1	-90.9	57.9
MIR-644;NA	-2.7	-30.9	-90.9	66.7
MIR-509-3P;NA	-0.9	-29.2	-91.2	46.9
HCMV-UL70-3P;NA	-1.9	-30.2	-91.2	57.8
MIR-891A;NA	-0.2	-28.6	-91.6	39.2
MIR-651;NA	-2.6	-31	-91.6	65.4
MIR-547-mmu;NA	-0.6	-29.1	-91.9	43.5
MIR-96;hsa-miR-96|1x|1.5x	-3.1	-31.6	-91.9	70.7
LET-7D;NA	-1	-29.6	-92.2	47.8
MIR-361-5P;NA	-1.1	-29.7	-92.2	48.9
RLCV-9;NA	-1.3	-29.9	-92.2	51.1
MIR-205;hsa-miR-205-5p|1x|2x	-3	-31.6	-92.2	69.5
MIR-340-3P;NA	-1	-29.7	-92.5	47.8
MIR-672;NA	-1.2	-29.9	-92.5	50
MIR-550;NA	-2.9	-31.6	-92.5	68.3
MIR-520D-3P;NA	-1.3	-30.1	-92.9	51
MIR-562;NA	-0.5	-29.4	-93.2	42.4
MIR-628-3P;NA	-1	-29.9	-93.2	47.7
MIR-337-3P;NA	-1.2	-30.1	-93.2	49.9
MIR-199A-5P;NA	-1.3	-30.2	-93.2	51
MIR-199B-5P;NA	-1.3	-30.2	-93.2	51
MIR-489-mmu;NA	-1.6	-30.5	-93.2	54.2
MIR-541-5P;NA	-2.1	-31	-93.2	59.5
MGHV-M1-7-5P;NA	-4.2	-33.1	-93.2	82.1
MIR-201-rno;NA	-0.4	-29.4	-93.5	41.3
MIR-201;NA	-0.4	-29.4	-93.5	41.3
MIR-143;NA	-2.2	-31.2	-93.5	60.5
MIR-883B-5P;NA	-2.5	-31.5	-93.5	63.7
MIR-662;NA	-3.4	-32.4	-93.5	73.4
MIR-583;NA	-2.1	-31.2	-93.8	59.4
MIR-671-3P;NA	-2.4	-31.5	-93.8	62.6
MIR-302A;hsa-miR-302a-3p|10x|1x	-1.8	-31	-94.1	56.1
MIR-346-hsa;hsa-miR-346|8x|1x	-2.2	-31.4	-94.1	60.4
MIR-519C-3P;NA	-3.2	-32.4	-94.1	71
MIR-297B;NA	-3.4	-32.6	-94.1	73.1
MIR-582-5P-2;NA	0	-29.3	-94.5	37
MIR-582-5P;NA	0	-29.3	-94.5	37
MIR-369-3P;hsa-miR-369-3p|4x|1x	-1.3	-30.6	-94.5	50.8
RLCV-14-3P;NA	-2	-31.3	-94.5	58.2
MIR-129-3P;NA	-0.6	-30	-94.8	43.3
MIR-574-3P;hsa-miR-574-3p|1.5x|1x	-1.7	-31.1	-94.8	54.9
MIR-122;hsa-miR-122-5p|1x|8x	-2.7	-32.1	-94.8	65.5
ARTIF-5B;NA	-2.9	-32.3	-94.8	67.6
MIR-673-3P-rno;NA	-4.5	-33.9	-94.8	84.5
MIR-301B-hsa;hsa-miR-301b|1.5x|1x	-2.3	-31.8	-95.1	61.2
EBV-1-3P;NA	-2.7	-32.2	-95.1	65.4
MIR-629-star;NA	-0.9	-30.5	-95.4	46.4
MIR-149;NA	-1.5	-31.1	-95.4	52.7
MIR-542-5P-2;NA	-3.7	-33.3	-95.4	75.8
MIR-673-3P;NA	-3.8	-33.4	-95.4	76.8
BRCAT2-15;NA	-1.7	-31.4	-95.8	54.8
EBV-10;NA	-2.1	-31.8	-95.8	58.9
MIR-761;NA	-2.1	-31.8	-95.8	58.9
KSHV-K12-8;NA	-2.2	-31.9	-95.8	60
SCHLAP1-15;NA	-2.4	-32.1	-95.8	62.1
MIR-196B;hsa-miR-196b-5p|10x|1x	-2	-31.8	-96.1	57.8
MIR-29A;hsa-miR-29a-3p|1x|1.5x	-2.1	-31.9	-96.1	58.9
MIR-29C;hsa-miR-29c-3p|2x|1x	-2.1	-31.9	-96.1	58.9
MIR-509-3-5P;NA	-3.2	-33	-96.1	70.3
MIR-362-3P;NA	-3.6	-33.4	-96.1	74.5
MIR-342-3P;hsa-miR-342-3p|1x|8x	-1	-30.9	-96.4	47.4
MIR-154-star;NA	-1.3	-31.2	-96.4	50.5
MIR-590-5P-rno;NA	-2.4	-32.3	-96.4	61.9
KSHV-K12-4-3P;NA	-2.6	-32.5	-96.4	64
MIR-352;NA	-1.2	-31.2	-96.7	49.4
MIR-669A;NA	-1.2	-31.2	-96.7	49.4
MIR-485-3P-2;NA	-2	-32	-96.7	57.7
MIR-485-3P;hsa-miR-485-3p|1x|4x	-2	-32	-96.7	57.7
MIR-292-3P;NA	-3.1	-33.1	-96.7	69
MIR-129-5P;hsa-miR-129-5p|1x|5x	-1	-31.1	-97	47.3
MIR-182-hsa;hsa-miR-182-5p|3x|1x	-1	-31.1	-97	47.3
MIR-532-5P-rno;NA	-1.7	-31.8	-97	54.5
EBV-6-5P;NA	-2	-32.1	-97	57.6
KSHV-K12-4-5P;NA	-2.1	-32.2	-97	58.6
MIR-646;NA	-3.9	-34	-97	77.2
MIR-452-star-hsa;NA	-4	-34.1	-97	78.2
MIR-452-star;NA	-4	-34.1	-97	78.2
ARTIF-9B;NA	-4.1	-34.2	-97	79.2
MIR-1;hsa-miR-1|8x|1x	-1.3	-31.5	-97.4	50.4
MIR-518B;NA	-1.5	-31.7	-97.4	52.4
SV40-S1-3P;NA	-1.8	-32	-97.4	55.5
MIR-300-3P-hsa;NA	-1.6	-31.9	-97.7	53.4
MIR-512-3P;NA	-3	-33.3	-97.7	67.7
MIR-467C;NA	-2.5	-32.9	-98	62.5
MIR-135B;NA	-1.5	-32	-98.3	52.3
MIR-333;NA	-1.5	-32	-98.3	52.3
MIR-692;NA	-2.4	-32.9	-98.3	61.4
MIR-544-hsa;NA	-2.5	-33	-98.3	62.4
MIR-544;NA	-2.5	-33	-98.3	62.4
MIR-875-3P-mmu;NA	-0.9	-31.5	-98.7	46.1
MIR-875-3P-rno;NA	-0.9	-31.5	-98.7	46.1
HCMV-UL22A;NA	-1	-31.6	-98.7	47.1
MIR-878-5P-rno;NA	-3.1	-33.7	-98.7	68.4
MIR-677;NA	-3.5	-34.1	-98.7	72.5
ARTIF-4A;NA	-3.2	-33.9	-99	69.3
ARTIF-4B;NA	-3.2	-33.9	-99	69.3
MIR-126-5P;hsa-miR-126-5p|3x|1x	-1.7	-32.5	-99.3	54.1
MIR-362-3P-hsa;hsa-miR-362-3p|3x|1x	-2.8	-33.6	-99.3	65.2
MIR-630;NA	-2.8	-33.6	-99.3	65.2
MIR-17-star;NA	-3.1	-33.9	-99.3	68.2
MIR-423-5P;hsa-miR-423-5p|1x|1x	-2.1	-33.1	-100	58
MIR-144;hsa-miR-144-3p|1x|2x	-4.1	-35.1	-100	78
LACAT75-15;NA	-0.2	-31.3	-100.3	39
MIR-505-mmu;NA	-0.5	-31.6	-100.3	42
MIR-295-3P-rno;NA	-2.6	-33.7	-100.3	62.9
ARTIF-3A;NA	-2.7	-33.8	-100.3	63.9
MIR-709;NA	-2.3	-33.5	-100.6	59.9
MIR-432-star;NA	-3.5	-34.7	-100.6	71.8
MIR-148A;hsa-miR-148a-3p|1x|1x	-1.1	-32.4	-100.9	47.9
MIR-181A;hsa-miR-181a-2-5p|10x|1x	-2.7	-34	-100.9	63.8
MIR-133A-star;NA	-3.6	-34.9	-100.9	72.7
MIR-652;NA	-3.6	-34.9	-100.9	72.7
MIR-346-mmu;NA	-1.3	-32.7	-101.2	49.8
MIR-28-5P;hsa-miR-28-5p|10x|1x	-1.6	-33	-101.2	52.8
MIR-214;hsa-miR-214|1x|4x	-2.1	-33.5	-101.2	57.7
MIR-181B;hsa-miR-181b-1-5p|1x|2x	-3.1	-34.5	-101.2	67.6
MIR-135A;NA	-0.3	-31.8	-101.6	40
MIR-421-3P;hsa-miR-421|1x|1x	-0.5	-32	-101.6	41.9
MIR-509-3P-mmu;NA	-1.5	-33	-101.6	51.8
MIR-455-3P-hsa;hsa-miR-455-3p|2x|1x	-2	-33.5	-101.6	56.7
MIR-455-3P;NA	-2	-33.5	-101.6	56.7
MIR-590-5P;hsa-miR-590-5p|1x|4x	-2	-33.5	-101.6	56.7
MIR-325-3P-hsa;NA	-2.1	-33.6	-101.6	57.7
LET-7I;NA	-2.8	-34.4	-101.9	64.5
MIR-302C-hsa;hsa-miR-302c-3p|1x|3x	-3.1	-34.7	-101.9	67.4
MIR-302C-rno;NA	-3.1	-34.7	-101.9	67.4
MIR-302C;NA	-3.1	-34.7	-101.9	67.4
MIR-769-5P;hsa-miR-769-5p|1x|1x	-3.3	-34.9	-101.9	69.4
MIR-290-3P-mmu;NA	-0.9	-32.6	-102.2	45.8
MIR-448;NA	-2.3	-34.1	-102.5	59.4
RLCV-4-3P;NA	-2.8	-34.6	-102.5	64.3
MIR-520A-3P;NA	-1.8	-33.7	-102.9	54.5
MIR-329-hsa;NA	-0.8	-32.8	-103.2	44.8
MIR-542-3P;NA	-1.1	-33.1	-103.2	47.7
MIR-655;NA	-1.7	-33.7	-103.2	53.5
MIR-509-5P-mmu;NA	-1.8	-33.8	-103.2	54.4
MIR-363;hsa-miR-363-3p|2x|1x	-1.9	-33.9	-103.2	55.4
MIR-501-5P-hsa;NA	-2.3	-34.3	-103.2	59.3
MIR-501-5P;NA	-2.3	-34.3	-103.2	59.3
MIR-741-3P;NA	-1.7	-33.8	-103.5	53.4
MIR-410;NA	-2.8	-34.9	-103.5	64.1
MIR-29C-star;NA	-3.2	-35.3	-103.5	67.9
RLCV-14-5P;NA	-3.3	-35.4	-103.5	68.9
ARTIF-6A;NA	-4.7	-36.8	-103.5	82.4
ARTIF-1A;NA	-5.6	-37.7	-103.5	91.1
MIR-561;NA	-2.3	-34.5	-103.8	59.2
EBV-5;NA	-2.4	-34.6	-103.8	60.1
RLCV-8;NA	-2.4	-34.6	-103.8	60.1
MIR-676;NA	-1	-33.3	-104.1	46.6
BRCAT32-15;NA	-1.1	-33.4	-104.1	47.6
MIR-770-5P-hsa;NA	-1.7	-34	-104.1	53.3
MIR-338-3P-2;hsa-miR-338-3p|1x|1x	-2	-34.3	-104.1	56.2
KSHV-K12-9-star;NA	-2.4	-34.7	-104.1	60
MIR-21;hsa-miR-21-5p|1x|10x	-2.5	-34.8	-104.1	61
MIR-466C-5P-rno;NA	-2.9	-35.2	-104.1	64.8
MIR-346-rno;NA	-1	-33.4	-104.5	46.6
MIR-625;hsa-miR-625-5p|1x|1x	-1.9	-34.3	-104.5	55.2
MIR-548A-3P;NA	-2.2	-34.6	-104.5	58.1
MIR-603;NA	-2.2	-34.6	-104.5	58.1
MIR-412;NA	-2.9	-35.3	-104.5	64.8
MIR-291A-5P;NA	-3.4	-35.8	-104.5	69.5
MIR-892A;NA	-0.5	-33	-104.8	41.8
MIR-322-hsa;NA	-1.7	-34.2	-104.8	53.2
MIR-550-star;NA	-2.9	-35.4	-104.8	64.7
MIR-296-5P;hsa-miR-296-5p|1x|3x	-3.3	-35.8	-104.8	68.5
MIR-349;NA	-3.4	-35.9	-104.8	69.4
MIR-302C-star-hsa;NA	-3.6	-36.1	-104.8	71.4
MIR-302C-star-mmu;NA	-3.6	-36.1	-104.8	71.4
MIR-551A;NA	-2.8	-35.4	-105.1	63.6
MIR-551B;hsa-miR-551b-3p|1x|1x	-2.8	-35.4	-105.1	63.6
MIR-708;NA	-3.3	-35.9	-105.1	68.4
MIR-138;NA	-4.2	-36.8	-105.1	77
ARTIF-8A;NA	-2	-34.7	-105.4	56
MIR-200A;hsa-miR-200a-3p|1x|10x	-2.7	-35.4	-105.4	62.6
MIR-103;hsa-miR-103a-3p|1x|3x	-2.9	-35.6	-105.4	64.5
MIR-107;hsa-miR-107|1x|8x	-2.9	-35.6	-105.4	64.5
MIR-325-3P;NA	-1.5	-34.3	-105.8	51.2
MIR-16;hsa-miR-16-5p|1x|5x	-1.9	-34.7	-105.8	55
MIR-742-mmu;NA	-3.4	-36.2	-105.8	69.1
MIR-742-rno;NA	-3.4	-36.2	-105.8	69.1
MIR-878-3P-mmu;NA	-3.4	-36.2	-105.8	69.1
MIR-878-3P-rno;NA	-3.4	-36.2	-105.8	69.1
MIR-324-3P;NA	-4	-36.8	-105.8	74.8
MIR-547-rno;NA	-2.1	-35	-106.1	56.8
MIR-885-3P;NA	-2.3	-35.3	-106.4	58.6
MIR-564;NA	-3.1	-36.1	-106.4	66.1
MIR-181D;NA	-3.3	-36.3	-106.4	68
MIR-376C;NA	-1.3	-34.4	-106.7	49.2
MIR-713;NA	-2.8	-35.9	-106.7	63.2
MIR-376A-hsa;hsa-miR-376a-3p|1x|4x	-3	-36.1	-106.7	65.1
MIR-376B-hsa;NA	-3	-36.1	-106.7	65.1
MIR-376B;NA	-3	-36.1	-106.7	65.1
MIR-376C-hsa;NA	-3	-36.1	-106.7	65.1
MIR-502-5P;NA	-3	-36.1	-106.7	65.1
MIR-525-3P;NA	-4.3	-37.4	-106.7	77.3
PRCAT73-15;NA	-0.9	-34.1	-107	45.4
MIR-703;NA	-3	-36.2	-107	65
MIR-600;NA	-3.5	-36.7	-107	69.7
MIR-518F;NA	-4.1	-37.3	-107	75.3
MIR-610;NA	-2.2	-35.5	-107.4	57.5
EBV-11-3P;NA	-3.3	-36.6	-107.4	67.7
MIR-552;NA	-4.7	-38	-107.4	80.8
EBV-20-3P;NA	-4.9	-38.2	-107.4	82.6
MIR-647;NA	-2.5	-35.9	-107.7	60.2
MIR-466H;NA	-3	-36.4	-107.7	64.9
MIR-767-5P;NA	-1.6	-35.1	-108	51.8
MIR-463-mmu;NA	-2.7	-36.2	-108	62
MIR-539;NA	-2.9	-36.4	-108	63.8
MIR-384-5P;NA	-1.1	-34.7	-108.3	47.2
MIR-463-rno;NA	-3.8	-37.4	-108.3	72.1
MIR-743A-rno;NA	-3.8	-37.4	-108.3	72.1
MIR-434-5P;NA	-2.5	-36.2	-108.7	60
HCMV-UL70-5P;NA	-2.8	-36.5	-108.7	62.8
MIR-217;NA	-3.2	-36.9	-108.7	66.5
MIR-570;NA	-2.4	-36.2	-109	59
MIR-142-5P;hsa-miR-142-5p|5x|1x	-3.3	-37.1	-109	67.3
EBV-8-5P;NA	-3.9	-37.7	-109	72.8
MIR-299-3P-hsa;hsa-miR-299-3p|1x|3x	-4.5	-38.3	-109	78.3
MIR-299-3P;NA	-4.5	-38.3	-109	78.3
MIR-190B;NA	-2.2	-36.1	-109.3	57.1
MIR-513A-5P;NA	-2	-36	-109.6	55.2
MIR-592;NA	-2.2	-36.2	-109.6	57.1
LET-7G;hsa-let-7g-5p|8x|1x	-1.7	-35.8	-109.9	52.5
MIR-513A-3P;NA	-3.1	-37.2	-109.9	65.2
MIR-489-rno;NA	-0.3	-34.5	-110.3	39.7
MIR-30B;hsa-miR-30b-5p|10x|1x	-1.5	-35.7	-110.3	50.6
MIR-30C;hsa-miR-30c-5p|1x|1x	-1.5	-35.7	-110.3	50.6
MIR-557;NA	-3.7	-37.9	-110.3	70.6
MIR-291B-5P-mmu;NA	-4.2	-38.4	-110.3	75.1
MIR-291B-5P-rno;NA	-4.2	-38.4	-110.3	75.1
MIR-328-3P;NA	-2.9	-37.2	-110.6	63.2
MIR-220B;NA	-3.4	-37.7	-110.6	67.7
MIR-465A-5P;NA	-1.5	-35.9	-110.9	50.5
MIR-876-3P-rno;NA	-2.3	-36.7	-110.9	57.7
MIR-470;NA	-2.7	-37.1	-110.9	61.3
MIR-130B;hsa-miR-130b-3p|1x|3x	-3	-37.4	-110.9	64
MIR-154;hsa-miR-154-5p|1x|1x	-3	-37.4	-110.9	64
MIR-130A;hsa-miR-130a-3p|8x|1x	-3.1	-37.5	-110.9	64.9
MIR-883A-3P-hsa;NA	-1.8	-36.3	-111.2	53.2
MIR-883B-3P;NA	-1.8	-36.3	-111.2	53.2
MIR-136-2;NA	-2.5	-37	-111.2	59.5
MIR-292-5P;NA	-2.8	-37.3	-111.2	62.2
MIR-373-star;NA	-2.8	-37.3	-111.2	62.2
MIR-490-3P;hsa-miR-490-3p|1x|1x	-3.8	-38.3	-111.2	71.2
MIR-220;NA	-4	-38.5	-111.2	73
MIR-572;NA	-4.9	-39.4	-111.2	81.1
MIR-384-3P-hsa;NA	-1.9	-36.5	-111.6	54
MIR-384-3P;NA	-1.9	-36.5	-111.6	54
EBV-4;NA	-2.2	-36.8	-111.6	56.7
EBV-14-3P;NA	-2.6	-37.2	-111.6	60.3
MIR-566;NA	-2.7	-37.3	-111.6	61.2
MIR-678;NA	-4.1	-38.7	-111.6	73.8
MIR-331-5P;NA	-4.3	-38.9	-111.6	75.5
MIR-374A;hsa-miR-374a-5p|1x|5x	-0.1	-34.8	-111.9	37.9
MIR-654-3P-rno;NA	-1.5	-36.2	-111.9	50.4
MIR-654-3P;hsa-miR-654-3p|1x|4x	-1.5	-36.2	-111.9	50.4
MIR-327-rno;NA	-3.2	-37.9	-111.9	65.6
MIR-616-star;NA	-1.2	-36.2	-112.8	47.6
MIR-182;NA	-2.3	-37.3	-112.8	57.4
MIR-493-mmu;NA	-2.3	-37.3	-112.8	57.4
MIR-339-3P-hsa;NA	-2.5	-37.5	-112.8	59.2
MIR-556-5P;NA	-2.7	-37.7	-112.8	60.9
MGHV-M1-8;NA	-3.5	-38.5	-112.8	68
MIR-596;NA	-5.5	-40.5	-112.8	85.7
MIR-381;NA	-2.9	-38	-113.2	62.6
MIR-587;NA	-2.1	-37.3	-113.5	55.5
MIR-30D;hsa-miR-30d-5p|4x|1x	-2.4	-37.6	-113.5	58.1
MIR-339-5P;hsa-miR-339-5p|10x|1x	-4.2	-39.4	-113.5	74
MIR-207-mmu;NA	-2.7	-38	-113.8	60.7
MIR-207-rno;NA	-2.7	-38	-113.8	60.7
MIR-699;NA	-2.7	-38	-113.8	60.7
MIR-657;NA	-2.2	-37.6	-114.1	56.3
MIR-508-5P;NA	-3.2	-38.6	-114.1	65
MIR-25;hsa-miR-25-3p|5x|1x	-1.2	-36.7	-114.5	47.5
MIR-431;NA	-3.6	-39.2	-114.8	68.4
MIR-34A;hsa-miR-34a-5p|2x|1x	-4.4	-40	-114.8	75.3
MIR-32;hsa-miR-32-5p|1x|2x	-2.5	-38.2	-115.1	58.7
MIR-454_1;NA	-2.5	-38.2	-115.1	58.7
RLCV-16-3P;NA	-2.5	-38.3	-115.4	58.7
MIR-290-3P-rno;NA	-4.3	-40.1	-115.4	74.3
MIR-624;NA	-3.9	-39.8	-115.8	70.7
MIR-449B-mmu;NA	-4.1	-40	-115.8	72.4
MIR-871-mmu;NA	-1.8	-37.8	-116.1	52.5
EBV-6-3P;NA	-3.3	-39.3	-116.1	65.4
MIR-618;NA	-2	-38.1	-116.4	54.2
MIR-449A;hsa-miR-449a|4x|1x	-3.9	-40	-116.4	70.5
MIR-449B-hsa;hsa-miR-449b|1x|8x	-3.9	-40	-116.4	70.5
MIR-449B-rno;NA	-3.9	-40	-116.4	70.5
MIR-673-5P-rno;NA	-4.9	-41	-116.4	79.1
MIR-330-5P;NA	-5.2	-41.3	-116.4	81.7
MGHV-M1-1;NA	-0.3	-36.5	-116.7	39.6
MIR-142-3P;hsa-miR-142-3p|1x|1x	-2.2	-38.4	-116.7	55.8
ARTIF-6B;NA	-4.3	-40.5	-116.7	73.8
ARTIF-1B;NA	-5.2	-41.4	-116.7	81.6
MIR-634;NA	-2.2	-38.5	-117	55.8
MIR-555;NA	-3.6	-39.9	-117	67.8
MIR-615-5P;NA	-4.1	-40.4	-117	72
MIR-371-3P;NA	-1.4	-37.8	-117.4	48.9
MIR-488-hsa;NA	-4.6	-41	-117.4	76.2
MIR-489-hsa;NA	-2	-38.5	-117.7	54
MIR-553;NA	-2.2	-38.7	-117.7	55.7
MIR-29B;hsa-miR-29b-3p|4x|1x	-2.4	-38.9	-117.7	57.4
MIR-609;NA	-2.5	-39	-117.7	58.2
MIR-219-5P;NA	-3.7	-40.2	-117.7	68.4
MIR-337-5P-hsa;NA	-4.2	-40.7	-117.7	72.7
MIR-208B;NA	-5.5	-42	-117.7	83.7
MIR-743A-mmu;NA	0.2	-36.4	-118	35.3
MIR-425-star;NA	-3.5	-40.1	-118	66.7
MIR-524-3P;NA	-3.7	-40.3	-118	68.4
MIR-700;NA	-3.9	-40.5	-118	70
ARTIF-8B;NA	-5.3	-41.9	-118	81.9
ARTIF-3B;NA	-6.2	-42.8	-118	89.5
MIR-146A;hsa-mir-146a-5p|1.5x|1x	-1.3	-38	-118.3	48
MIR-30A;hsa-miR-30a-5p|8x|1x	-2.8	-39.5	-118.3	60.7
MIR-30E;NA	-2.8	-39.5	-118.3	60.7
MIR-450B-5P-rno;NA	-3	-39.7	-118.3	62.4
MIR-500-3P-hsa;hsa-miR-500a-3p|1x|4x	-3.7	-40.4	-118.3	68.3
MIR-501-3P-hsa;hsa-miR-501-3p|3x|1x	-3.7	-40.4	-118.3	68.3
MIR-501-3P;NA	-3.7	-40.4	-118.3	68.3
MIR-502-3P;hsa-miR-502-3p|1x|1x	-3.7	-40.4	-118.3	68.3
ARTIF-2B;NA	-4.7	-41.4	-118.3	76.7
MIR-148B;hsa-miR-148b-3p|1x|1.5x	-2.1	-38.9	-118.7	54.7
MIR-516A-5P;NA	-2.5	-39.3	-118.7	58.1
MIR-376A;NA	-3.1	-39.9	-118.7	63.1
MIR-380-5P;NA	-2.2	-39.1	-119	55.5
RLCV-11;NA	-3.1	-40	-119	63.1
MIR-181A-star;NA	-3.4	-40.3	-119	65.6
MIR-300-3P;NA	-3.5	-40.4	-119	66.4
MIR-594;NA	-4.1	-41.1	-119.3	71.4
RLCV-12-5P;NA	-5.1	-42.1	-119.3	79.8
MIR-28-3P-mmu;NA	-2.6	-39.7	-119.6	58.7
MIR-578;NA	-2.7	-39.8	-119.6	59.6
MIR-133A;hsa-miR-133a-3p|1x|4x	-3.6	-40.7	-119.6	67.1
MIR-133B;hsa-miR-133b|2x|1x	-3.6	-40.7	-119.6	67.1
MIR-34B-5P-hsa;NA	-3.9	-41	-119.6	69.6
MIR-34B-5P;NA	-3.9	-41	-119.6	69.6
MIR-34C-5P;hsa-miR-34c-5p|1x|3x	-3.9	-41	-119.6	69.6
MIR-136;hsa-miR-136-5p|1x|8x	-4.8	-42	-119.9	77
MIR-200A-star;NA	-4.9	-42.1	-119.9	77.9
MIR-514;NA	-1.8	-39.1	-120.3	52
MIR-295-3P-mmu;NA	-2.3	-39.6	-120.3	56.1
MIR-190;hsa-miR-190a-5p|1x|1.5x	-3.3	-40.6	-120.3	64.4
MIR-871-rno;NA	-3.4	-40.7	-120.3	65.3
MIR-124;hsa-miR-124-3p|1x|4x	-3.8	-41.1	-120.3	68.6
MIR-24-1-star;NA	-4.6	-41.9	-120.3	75.2
MIR-682;NA	-1.1	-38.5	-120.6	46.1
MIR-629;hsa-miR-629-5p|1x|8x	-2.2	-39.6	-120.6	55.2
MIR-497-2;hsa-miR-497-5p|2x|1x	-3.2	-40.6	-120.6	63.5
MIR-497;NA	-3.2	-40.6	-120.6	63.5
MIR-1-star;NA	-2.9	-40.4	-120.9	61
MIR-493;NA	-3.1	-40.6	-120.9	62.6
MIR-875-5P;NA	-3	-40.6	-121.2	61.7
MIR-886-5P;NA	-3.2	-40.8	-121.2	63.4
MIR-182-star;NA	-3.3	-40.9	-121.2	64.2
MIR-216A;NA	-1.4	-39.1	-121.6	48.5
MIR-293-3P;NA	-3.2	-40.9	-121.6	63.3
MIR-697;NA	-2.3	-40.1	-121.9	55.9
MIR-198;NA	-3.9	-41.9	-122.5	68.8
"2OM-bol-miR824,bol-miR824;bol-miR824|1x|10x"	-4.8	-42.8	-122.5	76.2
CAT819-30;NA	-0.6	-38.7	-122.8	41.9
MIR-582-3P-hsa;NA	-2.3	-40.4	-122.8	55.7
MGHV-M1-3;NA	-3.7	-41.8	-122.8	67.1
MIR-567;NA	-5.1	-43.2	-122.8	78.5
MIR-518A-5P;NA	-5.6	-43.7	-122.8	82.6
MIR-520D-5P;NA	-5.6	-43.7	-122.8	82.6
MIR-645;NA	-2.9	-41.1	-123.2	60.5
MIR-892B;NA	-2.9	-41.1	-123.2	60.5
MIR-613;NA	-3.1	-41.3	-123.2	62.2
MIR-627;NA	-4.4	-42.6	-123.2	72.7
MIR-717;NA	-4.7	-42.9	-123.2	75.2
MIR-515-3P;NA	-2.8	-41.1	-123.5	59.7
MIR-290-5P;NA	-3.3	-41.6	-123.5	63.7
ARTIF-7B;NA	-4	-42.3	-123.5	69.4
MIR-488;NA	-4	-42.3	-123.5	69.4
MIR-186;hsa-miR-186-5p|1.5x|1x	-1.3	-39.7	-123.8	47.5
MIR-659;NA	-5	-43.4	-123.8	77.4
MIR-518D-3P;NA	-6.2	-44.6	-123.8	87.1
HCMV-UL36;NA	-3.1	-41.6	-124.1	62
MIR-685;NA	-4	-42.5	-124.1	69.2
EBV-8-3P;NA	-4.2	-42.7	-124.1	70.8
MIR-297A;NA	-4.6	-43.1	-124.1	74.1
MIR-669B;NA	-4.6	-43.1	-124.1	74.1
MIR-548C-3P;NA	-0.5	-39.1	-124.5	41
MIR-548D-3P;NA	-0.5	-39.1	-124.5	41
MIR-155-hsa;hsa-miR-155-5p|5x|1x	-1	-39.6	-124.5	45
MIR-455-5P;NA	-1.6	-40.2	-124.5	49.9
MIR-708-star;NA	-2.8	-41.4	-124.5	59.5
MIR-338-3P;NA	-3.1	-41.7	-124.5	61.9
MIR-762;NA	-4.5	-43.1	-124.5	73.2
EBV-13;NA	-4.8	-43.4	-124.5	75.6
MIR-718;NA	-7	-45.6	-124.5	93.2
MIR-291B-3P-mmu;NA	-1.5	-40.2	-124.8	49
MIR-291B-3P-rno;NA	-1.5	-40.2	-124.8	49
MIR-294-3P-rno;NA	-1.5	-40.2	-124.8	49
MIR-876-3P-hsa;NA	-2.6	-41.3	-124.8	57.8
MIR-876-3P-mmu;NA	-2.6	-41.3	-124.8	57.8
MIR-188-3P;hsa-miR-188-3p|1x|8x	-3.9	-42.6	-124.8	68.3
MIR-326;NA	-4.2	-43	-125.1	70.6
RLCV-12-3P;NA	-3.5	-42.4	-125.4	64.9
LACAT1-15;NA	-3.9	-42.8	-125.4	68.1
MIR-155;NA	-0.9	-39.9	-125.7	44.2
MIR-362-5P-hsa;hsa-miR-362-5p|4x|1x	-2.2	-41.2	-125.7	54.5
MIR-362-5P;NA	-2.2	-41.2	-125.7	54.5
MIR-145;hsa-miR-145-5p|1x|3x	-2.3	-41.3	-125.7	55.3
MIR-106A-hsa;NA	-3.9	-42.9	-125.7	68
MIR-106A-mmu;NA	-3.9	-42.9	-125.7	68
MIR-106B;hsa-miR-106b-5p|1x|1x	-3.9	-42.9	-125.7	68
MIR-17;hsa-miR-17-5p|1x|1x	-3.9	-42.9	-125.7	68
MIR-20A;hsa-miR-20a-5p|8x|1x	-3.9	-42.9	-125.7	68
MIR-20B;hsa-miR-20b-5p|1.5x|1x	-3.9	-42.9	-125.7	68
MIR-190B-rno;NA	-2.4	-41.5	-126.1	56
MIR-101;hsa-miR-101-3p|1x|4x	-3	-42.1	-126.1	60.8
MIR-371-5P;NA	-4.2	-43.3	-126.1	70.3
MIR-504-rno;NA	-2.9	-42.1	-126.4	59.9
MIR-504;NA	-2.9	-42.1	-126.4	59.9
MIR-185;hsa-miR-185-5p|1x|10x	-3.3	-42.6	-126.7	63
MIR-93;NA	-3.4	-42.7	-126.7	63.8
MIR-521;NA	-4.9	-44.2	-126.7	75.7
MIR-768-5P;NA	-1.4	-40.8	-127	48
"2OM-bra-MIR172,bra-MIR172;bra-MIR172|4x|1x"	-1.6	-41	-127	49.6
"2OM-hvu-miR168-5p,hvu-miR168-5p;hvu-miR168-5p|2x|1x"	-3.5	-42.9	-127	64.6
ARTIF-7A;NA	-5.1	-44.5	-127	77.1
MIR-339-3P-mmu;NA	-5.8	-45.2	-127	82.7
MIR-323-5P;NA	-3.3	-42.8	-127.4	62.9
MIR-376A-star;NA	-3.3	-42.8	-127.4	62.9
MGHV-M1-5;NA	-3.5	-43	-127.4	64.5
MIR-712-star;NA	-3.6	-43.1	-127.4	65.3
MIR-302B-star-hsa;NA	-3.8	-43.4	-127.7	66.8
MIR-584;hsa-miR-584-5p|1x|10x	-3.8	-43.4	-127.7	66.8
MIR-565;NA	-2.1	-41.8	-128	53.4
RLCV-5-5P;NA	-3.4	-43.1	-128	63.6
MIR-331-3P;hsa-miR-331-3p|1.5x|1x	-4.8	-44.5	-128	74.5
MIR-701;NA	-2	-41.9	-128.6	52.5
MIR-290-5P-rno;NA	-3.7	-43.6	-128.6	65.8
MIR-518E-star;NA	-5.4	-45.3	-128.6	79
MIR-433-5P;NA	-3.5	-43.5	-129	64.1
MIR-680;NA	-3.7	-43.7	-129	65.7
MIR-520A-5P;NA	-3.8	-43.8	-129	66.5
MIR-525-5P;NA	-3.8	-43.8	-129	66.5
MIR-451;hsa-miR-451a|1x|10x	0.4	-39.7	-129.3	33.9
MIR-598-3P-hsa;NA	-0.9	-41	-129.3	44
MIR-876-5P-hsa;NA	-2.9	-43	-129.3	59.4
MIR-876-5P-mmu;NA	-2.9	-43	-129.3	59.4
MIR-876-5P-rno;NA	-2.9	-43	-129.3	59.4
MIR-467D;NA	-4.3	-44.4	-129.3	70.3
MIR-714;NA	-5.1	-45.2	-129.3	76.4
MIR-208A;hsa-miR-208a|1.5x|1x	-6.9	-47	-129.3	90.4
MIR-617;NA	-2.8	-43	-129.6	58.6
MIR-882A;NA	-2.8	-43	-129.6	58.6
MIR-541-5P-hsa;NA	-3.4	-43.6	-129.6	63.2
MIR-140-5P;hsa-miR-140-5p|1x|5x	-3	-43.3	-129.9	60.1
RLCV-1;NA	-4	-44.3	-129.9	67.8
MIR-22;hsa-miR-22-3p|8x|1x	-3.7	-44.1	-130.3	65.4
MIR-518D-5P;NA	-4.5	-44.9	-130.3	71.5
MIR-293-3P-rno;NA	-4.7	-45.1	-130.3	73.1
MIR-18A;hsa-miR-18a-5p|1x|4x	-4.9	-45.3	-130.3	74.6
MIR-18B-hsa;hsa-miR-18b-5p|1x|10x	-4.9	-45.3	-130.3	74.6
MIR-465-3P;NA	-2.6	-43.1	-130.6	56.9
MIR-378-star;NA	-3.5	-44.1	-130.9	63.7
MIR-373;hsa-miR-373-3p|1x|1.5x	-6.5	-47.2	-131.2	86.5
MIR-581;NA	-0.9	-41.7	-131.5	43.8
MIR-372;NA	-3.7	-44.5	-131.5	65.1
MIR-523;NA	-5.1	-45.9	-131.5	75.8
MIR-503;NA	-5.6	-46.4	-131.5	79.6
MIR-19A;hsa-miR-19a-3p|1x|1x	-4.1	-45	-131.9	68.1
MIR-19B;hsa-miR-19b-3p|1x|10x	-4.1	-45	-131.9	68.1
MIR-887;NA	-5.2	-46.1	-131.9	76.4
MIR-28-3P;hsa-miR-28-3p|8x|1x	-1.9	-42.9	-132.2	51.4
MIR-517-star;NA	-4	-45	-132.2	67.3
LACAT6-45;NA	-3.8	-44.9	-132.5	65.7
MIR-134;hsa-miR-134-5p|1x|3x	-3.9	-45.1	-132.8	66.4
MIR-542-5P;NA	-4.4	-45.7	-133.2	70
BRCAT54-30;NA	-4.5	-45.8	-133.2	70.8
MIR-188-5P;hsa-miR-188-5p|1x|10x	-4.9	-46.2	-133.2	73.8
MIR-297;NA	-5.3	-46.6	-133.2	76.8
MIR-670;NA	-1.3	-42.7	-133.5	46.7
MGHV-M1-6;NA	-3.3	-44.7	-133.5	61.7
MIR-710;NA	-4.3	-45.7	-133.5	69.2
MIR-580;NA	-2.9	-44.4	-133.8	58.7
MIR-376B-star;NA	-3	-44.5	-133.8	59.4
MIR-383-hsa;NA	-4.1	-45.6	-133.8	67.6
MIR-498;NA	-5.4	-46.9	-133.8	77.4
MIR-27B;hsa-miR-27b-3p|2x|1x	-0.3	-41.9	-134.1	39.2
MIR-101B;NA	-3.2	-44.8	-134.1	60.9
MIR-509-5P-hsa;NA	-3.4	-45	-134.1	62.3
MIR-341;NA	-5.9	-47.5	-134.1	81
MIR-301B;NA	-4	-45.7	-134.5	66.8
MIR-491-5P;NA	-5.5	-47.2	-134.5	77.9
MIR-602;NA	-5.6	-47.3	-134.5	78.7
MIR-200B;hsa-miR-200b-3p|3x|1x	-2.7	-44.5	-134.8	57
LACAT6-30;NA	-2.4	-44.3	-135.1	54.8
MIR-641;NA	-2.4	-44.4	-135.4	54.7
MIR-467AB;NA	-3.8	-45.8	-135.4	65.1
LACAT1-30;NA	-4	-46	-135.4	66.5
MIR-673-5P-mmu;NA	-2.9	-45	-135.7	58.4
HCMV-US25-2-5P;NA	-2.9	-45.1	-136.1	58.3
MIR-140-3P;NA	-4.1	-46.3	-136.1	67.1
MIR-874;hsa-miR-874-3p|1x|10x	-5.3	-47.5	-136.1	76
MIR-380-3P;NA	-1	-43.3	-136.4	44.3
MIR-515-5P;NA	-2.9	-45.2	-136.4	58.3
MIR-301A;hsa-miR-301a-3p|10x|1x	-3.3	-45.7	-136.7	61.1
MIR-519E-star;NA	-5.1	-47.6	-137	74.2
MIR-466B-5P;NA	-3.2	-45.8	-137.4	60.3
MIR-466E-5P;NA	-3.2	-45.8	-137.4	60.3
MIR-615-3P;hsa-miR-615-3p|1x|1x	-3.2	-45.9	-137.7	60.2
MIR-663;NA	-6.5	-49.2	-137.7	84.2
MIR-589-star;NA	-3.3	-46.1	-138	60.9
EBV-16;NA	-4.5	-47.3	-138	69.6
MIR-526B;NA	-3.1	-46	-138.3	59.4
MIR-466C-5P-mmu;NA	-3.7	-46.6	-138.3	63.7
MIR-200C;hsa-miR-200c-3p|8x|1x	-2.6	-45.6	-138.6	55.8
MIR-632;NA	-3.4	-46.4	-138.6	61.5
MIR-878-5P-mmu;NA	-3	-46.1	-139	58.6
MIR-320A;hsa-miR-320a|1x|1.5x	-3.2	-46.3	-139	60
MIR-524-5P;NA	-3.3	-46.4	-139	60.7
MIR-635;NA	-5.1	-48.2	-139	73.7
MIR-466F-5P;NA	-6	-49.2	-139.3	80.1
HIV1-N367;NA	-2.9	-46.2	-139.6	57.8
MIR-588;NA	-4.9	-48.3	-139.9	72
MIR-601;NA	-3.1	-46.6	-140.3	59.1
MIR-764-3P;NA	-6.6	-50.1	-140.3	84.1
RLCV-15;NA	-3.7	-47.3	-140.6	63.3
MIR-507;NA	-2.9	-46.6	-140.9	57.6
MIR-377;NA	-4.3	-48	-140.9	67.5
MIR-512-5P;NA	-6	-49.7	-140.9	79.6
MIR-222;hsa-mir-222|1.5x|1x	-4.4	-48.3	-141.5	68.1
BRCAT32-30;NA	-4.2	-48.3	-142.2	66.5
MIR-141;hsa-miR-141-3p|1.5x|1x	-5	-49.1	-142.2	72.2
MGHV-M1-4;NA	-3.1	-47.3	-142.5	58.8
MIR-681;NA	-5.5	-49.7	-142.5	75.6
MIR-526B-star;NA	-4.4	-49	-143.8	67.6
EBV-1-3;NA	-7	-51.6	-143.8	85.7
MIR-324-5P;hsa-miR-324-5p|1x|5x	-3	-47.7	-144.1	57.8
MIR-153;NA	-4.4	-49.1	-144.1	67.5
MIR-383;NA	-2.8	-47.6	-144.4	56.4
EBV-1-2-star;NA	-4.7	-49.5	-144.4	69.5
MIR-886-3P;NA	-5.5	-50.3	-144.4	75.1
MIR-585;NA	-5.9	-50.8	-144.8	77.8
MIR-195;hsa-miR-195-5p|2x|1x	-1.3	-46.4	-145.4	45.9
MIR-377-rno;NA	-3.7	-48.8	-145.4	62.4
MIR-763;NA	-7.5	-52.7	-145.7	88.5
MIR-374-star;NA	-0.7	-46	-146.1	41.8
MIR-95;NA	-1.7	-47	-146.1	48.6
MIR-622;NA	-2	-47.4	-146.4	50.7
MIR-568;NA	-4.6	-50	-146.4	68.4
MIR-545;NA	-4.9	-50.3	-146.4	70.5
BRCAT98-30;NA	-5.9	-51.3	-146.4	77.3
MIR-466D-5P;NA	-6.4	-51.9	-146.7	80.6
RLCV-4-5P;NA	-2.3	-47.9	-147	52.6
EBV-3-3P;NA	-5.1	-50.7	-147	71.7
RLCV-5-3P;NA	-5.1	-50.7	-147	71.7
PCA3-30;PCA3-30|1x|10x	-1.7	-47.5	-147.7	48.5
MIR-648;NA	-5.6	-51.4	-147.7	74.9
MIR-758;NA	-1.8	-47.7	-148	49.2
RLCV-7;NA	-3.3	-49.2	-148	59.3
MIR-804;NA	-4.8	-50.7	-148	69.4
MIR-706;NA	-4.9	-50.8	-148	70.1
MIR-643;NA	-2.4	-48.4	-148.3	53.2
MIR-466A-5P;NA	-3.7	-49.8	-148.6	61.9
CAT2168-15;NA	-4	-50.1	-148.6	63.9
MIR-24;hsa-miR-24-3p|1x|1.5x	-4.9	-51	-148.6	70
SV40-S1-5P;NA	-5.3	-51.4	-148.6	72.7
MIR-344-3P-mmu;NA	-1.7	-47.9	-149	48.4
MIR-221;hsa-miR-221-3p|10x|1x	-1.9	-48.2	-149.3	49.7
MIR-881-rno;NA	-2.3	-48.6	-149.3	52.4
PRCAT104-30;PRCAT104-30|1x|1x	-5.4	-51.8	-149.6	73.1
KSHV-K12-6-3P;NA	-6.1	-52.5	-149.6	77.8
MIR-760-3P;NA	-3	-49.5	-149.9	57
MIR-503-hsa;NA	-7.7	-54.2	-149.9	88.4
MIR-146B-5P;hsa-miR-146b-5p|1x|1x	-0.9	-47.5	-150.2	43
MIR-15A;hsa-miR-15a-5p|4x|1x	-2.8	-49.4	-150.2	55.6
MIR-291A-3P;NA	-3.8	-50.4	-150.2	62.3
EBV-18-3P;NA	-4.7	-51.3	-150.2	68.3
MIR-423-3P;NA	-4.8	-51.4	-150.2	68.9
MIR-500-5P;hsa-miR-500a-5p|1x|2x	-6	-52.6	-150.2	76.9
MIR-510;NA	-4.2	-50.9	-150.6	64.9
MIR-367;NA	-4.7	-51.5	-150.9	68.1
ARTIF-2A;NA	-6	-53	-151.5	76.6
MIR-220C;NA	-4.4	-51.5	-151.9	66
MIR-563;NA	-3.3	-50.5	-152.2	58.7
MIR-500-3P;NA	-5.5	-52.7	-152.2	73.1
HCMV-US33-5P;NA	-8.7	-55.9	-152.2	94.2
MIR-26A;hsa-miR-26a-5p|1x|3x	-1	-48.3	-152.5	43.6
MIR-879;NA	-6.3	-53.6	-152.5	78.3
MIR-619;NA	-5.8	-53.2	-152.8	75
MIR-519E;NA	-2.3	-49.8	-153.2	52
MIR-127;hsa-miR-127-3p|1x|3x	-6.4	-53.9	-153.2	78.8
EBV-1-1;NA	-1.5	-49.2	-153.8	46.8
MIR-764-5P;NA	-0.7	-48.5	-154.1	41.5
MIR-99A;hsa-miR-99a-5p|3x|1x	-1.2	-49.1	-154.4	44.8
MIR-880-mmu;NA	-3.5	-51.4	-154.4	59.7
MIR-880-rno;NA	-3.5	-51.4	-154.4	59.7
MIR-469;NA	-3.1	-51.2	-155.1	57
HIV1-H1;NA	-6.9	-55.1	-155.4	81.4
MIR-614;NA	-7.3	-55.6	-155.7	83.9
MIR-421-5P;NA	-0.7	-49.1	-156.1	41.5
MIR-18B;NA	-4.7	-53.3	-156.7	67
MIR-344-3P-rno;NA	-1.9	-50.6	-157	49.1
MIR-548B-3P;NA	-0.5	-49.5	-158	40.2
MIR-665;NA	-3.9	-52.9	-158	61.7
MIR-707;NA	-0.7	-49.8	-158.3	41.4
EBV-11-5P;NA	-2.4	-51.6	-158.6	52.1
MIR-768-3P;NA	-1.6	-50.9	-159	47.1
MIR-653;NA	-1.9	-51.2	-159	49
PRCAT47-30;NA	-4.9	-54.3	-159.3	67.8
MIR-298;NA	-5.8	-55.2	-159.3	73.4
MIR-210;hsa-miR-210-3p|4x|1x	-3	-52.5	-159.6	55.8
KSHV-K12-9;NA	-6.7	-56.2	-159.6	79
MIR-509-3P-rno;NA	-1.6	-51.2	-159.9	47
MIR-801;NA	-2.6	-52.2	-159.9	53.3
MIR-325-5P;NA	-2.4	-52.2	-160.6	51.9
MIR-351-mmu;NA	-2.7	-52.5	-160.6	53.8
MIR-351;NA	-2.7	-52.5	-160.6	53.8
MIR-573;NA	-3.2	-53	-160.6	56.9
MIR-370;hsa-miR-370-3p|1x|2x	-6.8	-56.6	-160.6	79.3
MIR-105-hsa;NA	-1.6	-51.5	-160.9	46.9
MIR-105-rno;NA	-1.6	-51.5	-160.9	46.9
MIR-344-5P-2;NA	-5.2	-55.2	-161.2	69.3
MIR-344-5P;NA	-5.2	-55.2	-161.2	69.3
MIR-518C-star;NA	-5.1	-55.2	-161.5	68.6
MIR-518C;NA	-4.4	-54.8	-162.5	64.1
HSV1-LAT;NA	-9.1	-59.5	-162.5	93
MIR-743B-5P;NA	-1.8	-52.3	-162.8	48.1
MIR-322;NA	-1.6	-52.2	-163.1	46.8
HCMV-US5-1;NA	-2.3	-53.1	-163.8	51
PRCAT65-30;NA	-6.7	-57.6	-164.1	77.8
MIR-653-rno;NA	-2.3	-53.5	-165.1	50.9
MIR-554;NA	-2.3	-53.8	-166	50.9
MIR-675-3P;NA	-3.1	-54.7	-166.4	55.6
PRCAT122-30;NA	-1.7	-53.5	-167	47.2
MIR-191-star;NA	-3.4	-55.3	-167.3	57.3
ARTIF-9A;NA	-3.7	-55.6	-167.3	59.1
MIR-33B;NA	-5.9	-58	-168	72.1
MIR-650;NA	-4	-56.3	-168.6	60.7
MIR-679;NA	-7.2	-59.5	-168.6	79.7
KSHV-K12-1;NA	-5.9	-58.3	-169	71.9
MIR-432;hsa-miR-432-5p|10x|1x	-1.9	-54.4	-169.3	48.2
BRCAT98-45;NA	-0.1	-53.2	-171.2	37.6
MIR-770-5P;NA	-4.1	-57.2	-171.2	60.9
MIR-689;NA	-10.7	-63.8	-171.2	99.5
MIR-671-5P;hsa-miR-671-5p|10x|1x	-9.7	-63.1	-172.2	93.3
MIR-888-star;NA	-6.1	-60.2	-174.4	72
MIR-187;NA	-1.2	-55.4	-174.8	43.9
MIR-17-star-mmu;NA	-4.1	-58.4	-175.1	60.4
MIR-658;NA	-6.6	-60.9	-175.1	74.7
KSHV-K12-3;NA	-1.3	-55.7	-175.4	44.4
MIR-193A-3P;NA	-4.2	-58.6	-175.4	60.9
MIR-621;NA	-5.1	-59.6	-175.7	66
MIR-873;NA	-3.4	-58.1	-176.4	56.3
MIR-661;NA	-8.8	-63.5	-176.4	86.9
PRCAT73-30;NA	-7.5	-62.3	-176.7	79.4
MIR-675-5P;NA	-4.8	-59.7	-177	64.1
MIR-675;NA	-4.8	-59.7	-177	64.1
MIR-147B;NA	-7	-62.1	-177.7	76.4
MIR-296-3P;NA	-7.6	-62.9	-178.3	79.6
RLCV-2;NA	-3	-58.4	-178.6	53.8
MIR-181C;NA	-3.6	-59	-178.6	57.2
MIR-453-rno;NA	-1.3	-56.9	-179.3	44.3
PRCAT98-30;NA	-3.9	-59.5	-179.3	58.8
MIR-297C-rno;NA	-4.8	-60.4	-179.3	63.8
MIR-297C;NA	-4.8	-60.4	-179.3	63.8
MIR-540-3P;NA	-2.8	-58.6	-179.9	52.6
MIR-337-5P;NA	-3.5	-59.4	-180.2	56.4
MIR-674;NA	-5.8	-61.8	-180.6	69.1
KSHV-K12-3-star;NA	-7.7	-63.7	-180.6	79.6
MIR-496_1;NA	-0.7	-56.9	-181.2	40.9
MIR-560;NA	-6.7	-62.9	-181.2	74
MIR-597;NA	-3.8	-60.2	-181.8	57.9
MIR-147A;NA	-4.7	-61.1	-181.8	62.8
MIR-490-5P;NA	-4	-60.6	-182.5	58.9
MIR-378;NA	-4.9	-61.6	-182.8	63.8
ACTB-45;ACTB-45|3x|1x	-4.7	-61.9	-184.4	62.5
EBV-15;NA	-1.3	-58.6	-184.7	44
MIR-33A;hsa-miR-33a-5p|8x|1x	-6.8	-64.1	-184.7	73.8
MIR-636;NA	-3.4	-61	-185.7	55.3
MIR-665-hsa;NA	-6.7	-64.3	-185.7	73.1
MIR-540-5P;NA	-8.5	-66.2	-186	82.7
MIR-194;NA	-3.3	-61.2	-186.7	54.7
MIR-693-3P;NA	-7.8	-65.7	-186.7	78.8
CAT390-30;NA	-3.4	-62	-188.9	55
MIR-468;NA	-1.7	-60.6	-189.9	46
DSCAM-AS1.1-30;NA	-3.9	-62.9	-190.2	57.5
MIR-496_3;NA	-1.1	-60.3	-190.9	42.8
MIR-105-mmu;NA	-4.2	-63.7	-191.8	58.9
ARTIF-5A;NA	-4.6	-64.1	-191.8	61
MIR-882B;NA	-3	-62.7	-192.5	52.6
MIR-759;NA	-4.3	-64	-192.5	59.3
MIR-345-5P;NA	-3.9	-63.7	-192.8	57.2
MIR-31-2;NA	-4.9	-64.7	-192.8	62.4
MIR-9;hsa-miR-9-5p|1x|1x	-2.4	-62.4	-193.5	49.4
MIR-345-5P-hsa;hsa-miR-345-5p|1x|4x	-5	-65.5	-195.1	62.6
MIR-666-5P;NA	-5	-65.9	-196.4	62.5
LACAT75-45;NA	-4.8	-65.9	-197	61.4
LSCAT212-45;LSCAT212-45|1x|2x	-5	-66.1	-197	62.4
MIR-608;NA	-8	-69.2	-197.3	77.5
MIR-422A;NA	-5.1	-66.7	-198.6	62.7
MIR-770-3P-hsa;NA	-4.6	-66.4	-199.3	60.1
MIR-770-3P;NA	-4.6	-66.4	-199.3	60.1
MIR-611;NA	-9.6	-71.4	-199.3	85.2
PRCAT104-75;PRCAT104-75|1x|8x	-7.3	-69.2	-199.6	73.6
MIR-639;NA	-5.9	-68.1	-200.5	66.4
MIR-623;NA	-7.1	-69.4	-200.9	72.3
MIR-686;NA	-5.2	-68	-202.5	62.7
PRCAT122-60;NA	-8.1	-70.9	-202.5	77
MIR-449C;NA	-5.4	-68.4	-203.1	63.6
LSCAT212-60;LSCAT212-60|1x|3x	-5.7	-68.9	-203.8	65
CAT2168-30;NA	-4.1	-67.4	-204.1	57.1
BRCAT32-45;NA	-9.3	-72.7	-204.4	82.5
MIR-638;NA	-6.2	-69.9	-205.4	67.2
MIR-637;NA	-9.9	-73.6	-205.4	85.2
MIR-666-3P;NA	-5.7	-69.8	-206.7	64.6
MIR-330-3P-hsa;hsa-miR-330-3p|1x|1.5x	-5.1	-69.4	-207.3	61.6
MIR-330-3P;NA	-5.1	-69.4	-207.3	61.6
MIR-31;NA	-5.6	-69.9	-207.3	64
MIR-612;NA	-5.6	-69.9	-207.3	64
MIR-409-5P;NA	-3.9	-68.7	-208.9	55.7
MIR-217-hsa;NA	-3.5	-68.5	-209.6	53.7
MIR-769-3P;NA	-7.5	-73.2	-211.8	72.4
CAT2168-45;NA	-6.6	-72.8	-213.4	67.9
HCMV-US25-2-3P;NA	-5.2	-73.6	-220.5	60.6
PRCAT122-45;NA	-6.4	-74.9	-220.9	66
BRCAT1-45;NA	-4.7	-73.6	-222.2	58.2
GAPDH-45;NA	-7	-76.4	-223.8	68.3
LACAT75-30;NA	-6.4	-76.6	-226.3	65.3
MIR-593-star;NA	-6.4	-76.6	-226.3	65.3
ACTB-30;ACTB-30|1.5x|1x	-8.2	-80.2	-232.1	72.3
MIR-453-mmu;NA	-4.1	-76.5	-233.4	54.6
BRCAT54-60;NA	-3.9	-76.9	-235.4	53.6
MIR-744;hsa-miR-744-5p|1.5x|1x	-5.6	-78.7	-235.7	60.8
PRCAT47-45;NA	-4.3	-77.8	-237	55.1
PCA3-45;PCA3-45|1x|5x	-7	-80.8	-237.9	66.4
MIR-801-mmu;NA	-5.9	-79.8	-238.3	61.8
HBA1-60;HBA1-60|1x|1x	-4.3	-79.5	-242.5	54.7
CAT819-45;NA	-4.6	-80.7	-245.4	55.7
GAPDH-30;NA	-7.5	-83.7	-245.7	67.5
BRCAT1-30;NA	-4.6	-83.8	-255.4	55
SCHLAP1-45;NA	-5.6	-85.3	-257	58.8
HBB-30;HBB-30|1x|4x	-8.4	-88.2	-257.3	69.6
MIR-298-hsa;NA	-9.2	-89.4	-258.6	72.6
LACAT4-60;NA	-5.4	-86.2	-260.5	57.7
CAT390-45;NA	-8.4	-90.7	-265.4	68.7
LACAT1-45;NA	-10.9	-94.6	-269.9	77.4
PRCAT73-45;NA	-6.3	-90.5	-271.5	60.2
HBB-45;HBB-45|5x|1x	-8.1	-93.5	-275.4	66.4
PRCAT98-60;NA	-10.3	-96.9	-279.2	73.9
LACAT6-60;NA	-9.3	-97	-282.8	69.9
BRCAT54-45;NA	-7.4	-95.8	-285	63
BRCAT3-30;BRCAT3-30|2x|1x	-12	-101.1	-287.3	78.8
BRCAT98-60;NA	-11.6	-104.9	-300.8	75.6
LACAT6-75;NA	-4.1	-98.1	-303.1	50.5
PRCAT98-45;NA	-10.8	-105.9	-306.6	72.2
LACAT4-45;NA	-6.1	-101.6	-307.9	56.8
LACAT75-60;NA	-12.3	-108.2	-309.2	76.8
GAPDH-60;NA	-7.9	-104.6	-311.8	62.3
PRCAT73-60;NA	-6.3	-105.2	-318.9	56.8
BRCAT2-45;NA	-8.2	-111.7	-333.7	61.6
PRCAT47-60;NA	-8.4	-113.1	-337.6	61.9
PRCAT65-45;NA	-7.9	-115.1	-345.6	59.9
HBA2-75;HBA2-75|1x|8x	-16.4	-124.9	-349.8	83.9
CAT2168-75;NA	-11.9	-121.6	-353.7	70.6
CAT390-60;NA	-9.1	-119.6	-356.3	62.5
BRCAT2-75;NA	-9.3	-120.1	-357.2	63
ACTB-60;ACTB-60|1x|3x	-13.5	-127.5	-367.6	73.7
BRCAT32-75;NA	-10	-130.3	-387.9	62.8
LACAT1-60;NA	-8.1	-129.7	-392.1	57.7
PRCAT104-45;PRCAT104-45|2x|1x	-13.2	-135	-392.7	70.6
BRCAT3-45;BRCAT3-45|1x|1.5x	-10.2	-133.4	-397.2	62.7
BRCAT32-60;NA	-7.9	-131.4	-398.2	56.8
CAT819-75;NA	-13.6	-139.3	-405.3	70.6
HBB-60;HBB-60|8x|1x	-13.5	-140.5	-409.5	70
LACAT6-90;NA	-8.2	-136.5	-413.7	56.8
HBA2-60;HBA2-60|10x|1x	-14.1	-143.5	-417.2	70.8
BRCAT2-90;NA	-11.5	-144.1	-427.5	63.9
PRCAT65-60;NA	-18.7	-155.5	-441.1	79.4
PRCAT122-75;NA	-9.6	-146.6	-441.7	58.7
CAT819-60;NA	-14.2	-151.6	-443	69.1
SCHLAP1-60;NA	-13.9	-153	-448.5	68
BRCAT98-75;NA	-15.5	-156.8	-455.6	71
BRCAT1-75;NA	-12.7	-155.6	-460.7	64.6
CAT390-75;NA	-8.9	-152.4	-462.7	56.2
PCA3-90;PCA3-90|3x|1x	-9.6	-153.9	-465.3	57.6
PRCAT104-60;PRCAT104-60|1x|1x	-15.6	-161	-468.8	70.3
HBA1-75;HBA1-75|1x|3x	-18.1	-163.8	-469.8	75.5
BRCAT1-60;NA	-12.3	-158.2	-470.4	63.1
PCA3-60;PCA3-60|10x|1x	-14.4	-161	-472.7	67.5
HBB-75;HBB-75|8x|1x	-21.6	-168.9	-474.9	82.5
DSCAM-AS1.1-75;NA	-21.5	-170.4	-480.1	81.8
BRCAT2-60;NA	-8.8	-157.9	-480.7	55.3
PRCAT65-75;NA	-12.6	-163.8	-487.5	62.8
BRCAT54-75;NA	-10.3	-162.2	-489.8	58
DSCAM-AS1.1-60;NA	-16.5	-170.8	-497.5	70.2
PRCAT73-75;NA	-15.8	-172	-503.6	68.4
PRCAT104-90;PRCAT104-90|1x|1x	-14.2	-171	-505.6	65.1
PRCAT47-75;NA	-15.9	-174	-509.8	68.2
CAT2168-60;NA	-17.5	-176.8	-513.6	71.1
BRCAT54-90;NA	-15.5	-175.6	-516.2	67
BRCAT3-90;BRCAT3-90|8x|1x	-12.6	-178.6	-535.2	60.5
CAT390-90;NA	-14.4	-181.4	-538.4	63.7
PRCAT98-75;NA	-20.6	-188.5	-541.4	75.1
PCA3-75;PCA3-75|10x|1x	-15.4	-187.2	-553.9	64.8
LACAT75-75;NA	-23.4	-195.8	-555.9	79.1
LACAT4-75;NA	-15.5	-188.4	-557.5	64.8
PRCAT122-90;NA	-20.5	-194.3	-560.4	73.6
ACTB-75;ACTB-75|5x|1x	-27.8	-204	-568.1	85.9
LACAT75-90;NA	-17.2	-196.7	-578.8	66.7
LSCAT212-90;LSCAT212-90|1.5x|1x	-16.3	-196.8	-582	65
BRCAT98-90;NA	-13.1	-193.9	-582.9	59.5
HBB-90;HBB-90|4x|1x	-18.8	-200	-584.2	69.2
LACAT1-75;NA	-18	-201.6	-592	67.4
ACTB-90;ACTB-90|1x|1x	-15	-199.1	-593.6	62.3
PRCAT73-90;NA	-19	-205.5	-601.3	68.6
CAT2168-90;NA	-16.3	-203.7	-604.2	64
LACAT4-90;NA	-15.2	-205	-612	61.8
SCHLAP1-75;NA	-26.7	-220.9	-626.1	79.6
PRCAT65-90;NA	-15.8	-211.4	-630.7	62.1
PRCAT98-90;NA	-22.5	-221	-640	72.2
LSCAT212-75;LSCAT212-75|1x|2x	-14.6	-213.6	-641.6	59.8
GAPDH-75;NA	-29	-228	-641.6	82.2
BRCAT1-90;NA	-21.7	-226.7	-661	69.8
LACAT1-90;NA	-24.5	-233.8	-674.8	73.3
CAT819-90;NA	-20	-234	-690	66
BRCAT3-75;BRCAT3-75|1x|4x	-24.2	-240.1	-696.1	71.8
HBA2-90;HBA2-90|3x|1x	-21.7	-248.9	-732.5	66.6
HBA1-90;HBA1-90|5x|1x	-21.9	-254.6	-750.3	66.2
DSCAM-AS1.1-90;NA	-24.9	-258.7	-753.8	70
PRCAT47-90;NA	-28.6	-266.1	-765.8	74.3
BRCAT32-90;NA	-28	-269.6	-779	72.9
SCHLAP1-90;NA	-20.4	-280	-837	61.4
GAPDH-90;NA	-35	-305.1	-870.9	77.2
